baseMean	log2FoldChange	lfcSE	stat	pvalue	padj
AT1G02205	452.346328924824	-1.30471497422611	0.303096159575158	-4.30462390567698	1.67269653774982e-05	0.000643815170820167
AT1G02340	871.113373757224	1.81480967012084	0.319620829926515	5.67800812774965	1.36272241394068e-08	1.29991423050115e-06
AT1G04243	8.61122696279363	-2.24140955158928	0.756002340655398	-2.96481826980343	0.00302861781606665	0.0420624786343049
AT1G04247	362.303644704016	1.4036838862469	0.326395917447172	4.30055589305616	1.70370192113864e-05	0.000653017107960299
AT1G05005	136.73942408015	1.09376754530151	0.320686084469973	3.41071096711065	0.000647937367451002	0.0127943679079391
AT1G05660	812.303291696049	-1.47467177480686	0.296703554854129	-4.97018573145125	6.68887965229639e-07	4.02188702126466e-05
AT1G05670	35500.6115550427	-1.32010887287135	0.279075369020403	-4.73029517977575	2.24193617524853e-06	0.000111982063997551
AT1G06030	879.28195676101	1.33567815938678	0.394456150909362	3.38612582490491	0.000708868732636325	0.0137935852928789
AT1G06180	2546.39022543552	1.97843058796716	0.362170368045556	5.46270695375692	4.68928351828573e-08	3.85067572792823e-06
AT1G04453	29.8759816263026	2.06132725789822	0.452167845208299	4.55876568787997	5.14551399067137e-06	0.000229863154928337
AT1G06430	25124.2395322472	1.74977606223399	0.26717160320026	6.54925913261235	5.78232212282715e-11	9.65267378583001e-09
AT1G07150	3011.83395791419	1.41343779029647	0.131193985987608	10.7736477374045	4.58469228845013e-27	4.65327928508535e-24
AT1G07560	714.748212785028	1.06076019927068	0.268699159879156	3.94776150304207	7.88853313976724e-05	0.00233290955580949
AT1G04597	40.7529813914809	2.19973598492472	0.605470927465264	3.63309927056889	0.000280037217148304	0.00651895811735879
AT1G07580	17.75500042258	2.51659053296315	0.614383626925719	4.09612239433493	4.20127870650386e-05	0.00139336320524614
AT1G07610	2931.52710355712	1.43830930114647	0.419088529300611	3.43199395971723	0.000599160902913696	0.0120277759102311
AT1G07985	106.135605556125	1.56802885746555	0.341386464532699	4.59311958841695	4.36668654818653e-06	0.000200000549591489
AT1G08570	8210.16037480849	1.40820170469171	0.229664504215926	6.13156007498549	8.70214621852504e-10	1.08772540960027e-07
AT1G08860	307.15190377693	-1.06195024768639	0.286056493908446	-3.71237944357337	0.000205319865995767	0.00510181500191046
AT1G10370	1450.67751581073	2.61743294607941	0.226941624075823	11.5335076001964	8.94245346809367e-31	1.13452907149704e-27
AT1G11925	985.037389836506	-2.18176510169757	0.183926053255258	-11.8621862595488	1.86052701132881e-32	2.62272291030318e-29
AT1G12240	34096.0794083931	1.60909062857734	0.250650927837005	6.41964760498996	1.36590160797023e-10	2.05079215388382e-08
AT1G12244	1879.79730092314	1.41025207507042	0.306838029740431	4.59607981534565	4.30513843062436e-06	0.000198611186610248
AT1G12370	1853.23307298815	1.77546220718641	0.230380011173364	7.70666777097409	1.29145425965461e-14	3.99626346152147e-12
AT1G12570	46.9880914991074	3.37427970916296	0.720258212998959	4.68481948315922	2.80206779531061e-06	0.000136467693355492
AT1G12600	738.889261961545	-1.02477692086622	0.337724694027571	-3.03435590878812	0.00241049872462581	0.0353201061244899
AT1G13200	890.860416147603	-1.13851144394457	0.221222273517618	-5.14645937699354	2.65448915001737e-07	1.78187851038468e-05
AT1G13670	977.093232021306	1.02565451535873	0.28056399637812	3.65568828716156	0.000256492868627386	0.00610530023316257
AT1G14048	153.644296291659	-1.4076086928391	0.24904439351052	-5.65203927298867	1.58555350540188e-08	1.47911156787012e-06
AT1G14540	5915.71723910128	-1.63380980656037	0.429823448010578	-3.801118375748	0.000144044460895148	0.00379147733480651
AT1G15680	1310.35001021626	-1.02567587439417	0.141009279565443	-7.27381827320201	3.49466044134757e-13	8.5262994268032e-11
AT1G16090	7922.39296168634	-1.48129227961041	0.351424174670161	-4.21511206791826	2.49654186235553e-05	0.000896000752693199
AT1G16720	19731.2854021745	1.36513382983576	0.341628606334269	3.99595878250324	6.44329446450557e-05	0.00198412807939763
AT1G16730	1453.12591955822	1.34126754201804	0.280188868928848	4.78701222909266	1.69282522792373e-06	8.8931153899248e-05
AT1G16750	1824.49580472549	1.01918906092281	0.279834382936071	3.64211520481972	0.000270407001373222	0.00633385455251306
AT1G17050	7081.42938231469	1.33605207586147	0.284565076052771	4.69506692245577	2.66519454814813e-06	0.000130301823631427
AT1G17100	13182.2419240118	1.18141414610795	0.302163666143679	3.90984846452778	9.23540392114302e-05	0.00264192941482619
AT1G17170	5342.01025707663	1.29362059776255	0.346753951508577	3.73065856101875	0.000190979903034806	0.00480746434484641
AT1G17180	1396.23669755151	1.46854653249772	0.3246930812359	4.52287596307225	6.10049935539206e-06	0.000268739705978677
AT1G17400	142.148968517451	1.03531835426331	0.320027846195484	3.23508834175292	0.00121605099466692	0.0209620094692109
AT1G18193	514.428764016367	-1.19937171549859	0.196391181164186	-6.10705485036975	1.01486369732104e-09	1.24401697854223e-07
AT1G18197	1070.43481323305	-1.32816615670733	0.155744013881514	-8.52787932971708	1.49054903027619e-17	6.20019526134885e-15
AT1G18320	5684.31019374469	-1.06336875021608	0.184439034803322	-5.76542135643903	8.14540784278963e-09	8.20955521368115e-07
AT1G18350	468.846987218648	-1.88635159668623	0.467196819318949	-4.03759511769802	5.40019514457282e-05	0.00171280689497988
AT1G18400	1507.86165813578	1.10283980945079	0.270298118480662	4.08008688943091	4.50188697660593e-05	0.00146637843574325
AT1G18760	201.915929866208	-1.28334506738997	0.365537040860888	-3.51084821491009	0.00044667936576784	0.00954847702358312
AT1G18780	59.1764818064198	-1.45990497627598	0.411287011056684	-3.54960146328272	0.00038581475430716	0.00849060154014735
AT1G18810	209.544496620016	2.09779831669455	0.585570857133581	3.58248415394757	0.000340342267633414	0.00766268384998246
AT1G18980	64.0564409443363	1.04011550350731	0.340158629947362	3.05773663207741	0.00223015485317475	0.0331894130466018
AT1G19060	17.3486551500456	-2.57152674290417	0.692340986101583	-3.71424889545231	0.000203808127964664	0.00507982927526336
AT1G19373	54.0459474090431	-1.38874694056103	0.400544809116457	-3.46714502086398	0.000526018011636994	0.0108867708215963
AT1G19376	75.0044476077267	-1.13047565652964	0.271026475385547	-4.171089392361	3.03146903399239e-05	0.0010541626916356
AT1G19490	656.627553328573	1.17675210579499	0.214479336829248	5.48655233269313	4.09854041434896e-08	3.42093304189771e-06
AT1G19700	5914.25664224174	1.15646208514146	0.281134695448123	4.11355163153409	3.89617847181216e-05	0.00130081095452318
AT1G19900	449.026413272573	1.08074524056183	0.211232899740568	5.11636796109497	3.11475148526647e-07	2.05816937987374e-05
AT1G05553	139.740065669508	-1.38771430532716	0.322835674346222	-4.29851598073054	1.71945505525691e-05	0.000658061124767554
AT1G05557	200.790156742303	-1.68015679989342	0.280537057406365	-5.98907258608502	2.1104096710307e-09	2.36944845100588e-07
AT1G20470	197.787962023828	-1.5767720663504	0.321306537565906	-4.90737623421988	9.23028650572009e-07	5.23958142720675e-05
AT1G20480	2353.57038490686	-1.06405923654495	0.209362054372673	-5.08238820894867	3.72718674728955e-07	2.40645385561641e-05
AT1G20875	23.7950851051641	1.69421485801844	0.556049516004645	3.04687767771439	0.00231231787374399	0.0341319102550204
AT1G20890	2461.97557341331	1.25285858140762	0.206481882228357	6.06764413364867	1.29800115356784e-09	1.53188284979676e-07
AT1G05647	16.7080047415026	-2.74356236232423	0.598189104220469	-4.58644656508666	4.5085372515345e-06	0.000204650490555342
AT1G21323	269.976710316806	-1.03811460968689	0.199384510814703	-5.2065960662895	1.92336141680682e-07	1.33342548060263e-05
AT1G22380	353.576856507874	-1.29144354609535	0.389115710248722	-3.31891905693004	0.000903666194393154	0.0166106609657797
AT1G05763	22.0044842394912	2.0439064003546	0.460077319014193	4.44252806187899	8.89080335485473e-06	0.000375992073876807
AT1G23010	2004.39057225709	1.20990486271429	0.205126499575473	5.89833524785091	3.67187345423668e-09	3.96468583097027e-07
AT1G26355	99.5558210428641	-1.11261833037342	0.247365715342196	-4.49786797994326	6.86382950290031e-06	0.000297714204797594
AT1G26973	67.8688468308318	-1.24148340822198	0.260856161572314	-4.75926426555894	1.94299905586145e-06	0.000100410708846086
AT1G26975	256.311584723826	-1.07805383659892	0.186896148326453	-5.76819718465182	8.01240248435016e-09	8.13226802551604e-07
AT1G26976	1136.13311154739	-1.13854356966686	0.190779028285193	-5.96786544045534	2.40377472119188e-09	2.67514823576854e-07
AT1G27135	238.839007662232	-1.7437737615929	0.209231027627492	-8.33420253853293	7.8022266041815e-17	3.09333902897658e-14
AT1G27160	210.287698510781	-1.11718235391716	0.245995755206096	-4.54147004683549	5.58633238263891e-06	0.000246947034629059
AT1G27690	20614.3738099347	-1.27169605905183	0.195019439730837	-6.5208681801517	6.99015978742269e-11	1.1297344869176e-08
AT1G27695	3532.61167152737	-1.03883717228189	0.192347807166525	-5.40082669818281	6.63344859178649e-08	5.30968847217635e-06
AT1G28180	63.5603139384371	-1.78960280579606	0.48220208057203	-3.71131290780221	0.000206187035612503	0.00510916976721842
AT1G28360	2523.33936165576	-1.20473732052782	0.249393137792884	-4.83067549969369	1.36070615583765e-06	7.29948372055489e-05
AT1G28980	44.8981615842042	1.70181300004082	0.398572000123599	4.26977559766636	1.95669734150138e-05	0.000729063705480999
AT1G28990	42.3151034069946	1.191569369213	0.318016168519392	3.74688298007194	0.000179045559124999	0.00455220643009793
AT1G30530	3590.98164752071	1.12109599704157	0.108774378027174	10.3066183174267	6.57751622906311e-25	5.21555927488273e-22
AT1G32720	24.5349875088796	-1.51591334918963	0.468404687555774	-3.23633257621728	0.00121076228708426	0.0209134664890919
AT1G33020	675.650123116905	-1.15628814213177	0.381776120846282	-3.02870734704052	0.00245602473247932	0.0358318874666186
AT1G35630	7.44089219943014	-2.98175786677413	0.899591126928541	-3.31457011693156	0.000917841573824575	0.016779043295551
AT1G42550	15438.5014492966	1.53829853351568	0.324870444585226	4.7351138250809	2.1893219363003e-06	0.000109786274331391
AT1G07143	14974.8934648353	-1.26603844783569	0.330365493305277	-3.83223573130805	0.000126983974359571	0.00343873144653121
AT1G43800	5353.91647316527	-1.3306219267252	0.418878425946758	-3.1766303640912	0.0014899680734744	0.024539275755744
AT1G48100	158.557678724826	2.28276711896617	0.465525219276678	4.90363792215828	9.40778321513986e-07	5.32841721653926e-05
AT1G07493	45.7446521331989	-1.1027581978624	0.35371463109665	-3.11764937300848	0.00182299540962801	0.0283262005657692
AT1G48745	214.454116547712	1.20761931194347	0.260491522866047	4.63592557123047	3.55343820253918e-06	0.000168218173416472
AT1G49210	23.8705305790662	-1.46678635967648	0.486037032188978	-3.01784897556154	0.00254575739586181	0.0368278495795881
AT1G49660	5901.7037445331	1.55784499644715	0.244385268668157	6.37454542549573	1.83506420897562e-10	2.61827591171142e-08
AT1G50250	27006.5982504313	1.23655147639208	0.31023980306488	3.98579248754063	6.72552720720298e-05	0.00204665852593151
AT1G51035	18.3658344444955	2.28031838183709	0.648931949725876	3.51395609786257	0.000441485772476693	0.00948134108468787
AT1G51780	877.874889188238	-1.63113162289568	0.387148700873755	-4.21319151843822	2.51787390629732e-05	0.000901107651599269
AT1G51810	112.548558556262	-1.84047056000049	0.493561772397081	-3.72895686605119	0.000192274057408155	0.0048324295232352
AT1G07767	15.0243841138397	-2.3383454534596	0.747824193338385	-3.12686521015176	0.00176680910593713	0.0277248078256331
AT1G51840	643.992024603142	1.23673472961979	0.398905199846802	3.10032240766667	0.00193310098378661	0.0296125543104296
AT1G52100	2716.38465365824	1.66576934949311	0.443126690315926	3.75912664684113	0.000170507515521186	0.0043613484867284
AT1G52191	133.160343310803	-1.54816631478623	0.445807672556618	-3.4727224542992	0.000515207846827608	0.0107067026252283
AT1G52200	27389.3363450188	-1.00597782343118	0.313324716449052	-3.21065581685367	0.00132432449101592	0.022342692576488
AT1G52560	372.393338862624	-1.17964914194351	0.31573243499226	-3.73623046353291	0.00018679947659488	0.00472096605489888
AT1G52570	761.187976985491	1.05730793625291	0.214245675935474	4.93502579053846	8.0140169227054e-07	4.65326465438734e-05
AT1G53090	2882.91072915792	1.56697426199291	0.212757078874745	7.36508637118214	1.77032209736136e-13	4.44753989093536e-11
AT1G53670	10962.5535330165	1.55789896018878	0.279887330932768	5.56616462416088	2.60407241800215e-08	2.27064376406827e-06
AT1G53680	2688.06853134342	2.13331939066461	0.228576624562314	9.33306017073953	1.02857405765843e-20	6.10602207338435e-18
AT1G55430	4589.99642136677	-1.0938244777901	0.298743294410089	-3.66141934649953	0.000250821824502848	0.00599279941142681
AT1G56130	3177.33000915552	-1.02120319043262	0.241311602030963	-4.23188600066394	2.31739865722096e-05	0.000846067245011866
AT1G56240	2559.16975135594	-1.50538891465038	0.254636633939655	-5.91191020459034	3.38162885604282e-09	3.68263736451633e-07
AT1G56250	11665.6157039117	-1.40692943097187	0.278719431715474	-5.04783402546582	4.46847075705059e-07	2.83457442473504e-05
AT1G56600	3676.86033824981	1.3186218918683	0.26478940436406	4.97988918791976	6.362069060641e-07	3.87125036797853e-05
AT1G56650	2457.95742644526	3.44389860693449	0.139952959184407	24.6075440419712	1.0488731351359e-133	2.66141069309383e-129
AT1G57850	285.922501148471	-2.49928924374504	0.391096671237345	-6.39046411680731	1.65383012261958e-10	2.39795917321995e-08
AT1G57906	760.715182031422	-1.27074122288311	0.318259634365574	-3.99278163382623	6.53027008667905e-05	0.00199878254739921
AT1G58050	17.2286975468374	-2.53695672662216	0.836071161407196	-3.03437894251991	0.00241031467032435	0.0353201061244899
AT1G58420	4352.03078505844	-1.08815091462907	0.315310022789988	-3.45105082610657	0.000558408398523739	0.0113716329888775
AT1G58520	3098.62946797169	1.44304336314386	0.336714587840466	4.28565739429017	1.82199596731918e-05	0.000688991440756435
AT1G59810	41.8394709476707	-2.07151275549577	0.499820460924832	-4.14451371531047	3.40535575581013e-05	0.00115983217379767
AT1G59880	31.7259810578494	-2.20092077212612	0.45392034987649	-4.84869376912708	1.24277098987516e-06	6.81081449181258e-05
AT1G59885	20.3402220051039	-1.961912527326	0.578965783801834	-3.38865021425431	0.000702375457145069	0.013688229531182
AT1G60270	3019.39291686244	2.31069104379075	0.224472976945466	10.2938495102336	7.51120740627316e-25	5.77543565838712e-22
AT1G60750	175.622754575324	1.5972622060433	0.423132574239101	3.7748504919896	0.000160103657302133	0.00414115209009616
AT1G60960	2537.4782405335	1.08630744083769	0.159845463017783	6.79598544950153	1.0757463592809e-11	2.02192504595507e-09
AT1G61080	135.895493457189	1.67283629220011	0.497294234921541	3.36387630245509	0.000768559818382821	0.0146737673676792
AT1G62975	1833.26155410596	1.18263058207961	0.34446978994536	3.4331909984536	0.000596521718873693	0.0119842771929541
AT1G63245	193.121615089299	1.46195287582259	0.502323480684483	2.91038132207254	0.00360988032355026	0.0483107085072596
AT1G63320	30.9803850370557	-1.47533331974104	0.463811923733525	-3.18088700235458	0.00146824886340815	0.0243165521016097
AT1G63540	54.5797430818565	-1.68326233735668	0.480528346219981	-3.50294077466577	0.000460151763531719	0.00975429477682025
AT1G64070	427.157127962218	-1.67300963414715	0.17926847402549	-9.33242525347356	1.03475584911928e-20	6.10602207338435e-18
AT1G64160	1790.91531988771	-1.25439451502789	0.256119532462869	-4.89769172606837	9.69690038839212e-07	5.46775889900137e-05
AT1G64500	4346.28095083425	2.31202446958196	0.302924300874881	7.63235060014848	2.305115185301e-14	6.72298766802616e-12
AT1G65050	62.1108030055045	3.93829279239788	0.590877843443987	6.66515564273518	2.6438501857291e-11	4.65868434810349e-09
AT1G65060	1126.92272004251	3.04065480465895	0.196369304766868	15.4843691495921	4.423806371391e-54	1.60356661239536e-50
AT1G65630	18.485645464436	-2.2760606128064	0.626470755753886	-3.63314742452331	0.000279984939204356	0.00651895811735879
AT1G66330	11465.405706291	1.58007694295458	0.297649842087818	5.30850925997935	1.10525471270183e-07	8.32187925225405e-06
AT1G66380	210.476496761704	1.33762503986215	0.323030933516739	4.1408574259432	3.46009988016796e-05	0.00117362527769457
AT1G66390	5668.29635252801	2.80161422534622	0.351142428418998	7.97856937414358	1.48039075424436e-15	5.00845799975953e-13
AT1G66540	915.540371033037	2.21686414331287	0.34390445765288	6.44616286291485	1.14717388502004e-10	1.75124907597683e-08
AT1G66725	5431.87762589532	2.00287207945153	0.270307313022698	7.40961114612295	1.2667027670798e-13	3.31353773318381e-11
AT1G66840	3015.82902940347	1.87394733177044	0.348022725829815	5.38455449224548	7.26243002957331e-08	5.68755862871584e-06
AT1G67070	4276.16402626553	1.36930743660746	0.43367490048204	3.15745143443959	0.0015915474525081	0.025755054247411
AT1G67990	183.145649438005	-1.49091880732671	0.251378961419249	-5.93096096391361	3.01166814841377e-09	3.2938822240453e-07
AT1G68340	4881.73812225386	-1.10008586293614	0.280149411043566	-3.92678270797815	8.60896899464011e-05	0.00250509150538989
AT1G68500	211.232459652079	1.21087110515315	0.163645027478948	7.39937609964301	1.36825818541445e-13	3.54267175476594e-11
AT1G69470	89.3012994943372	1.70414397696023	0.414209126731993	4.11421155879762	3.88505010012717e-05	0.00129880449592394
AT1G69480	1681.01658965908	1.60278816051169	0.247245761053187	6.4825708383607	9.01727228824179e-11	1.42114451578787e-08
AT1G69940	30.7411703790351	-1.7593685390316	0.507754627005872	-3.46499755089627	0.000530236308051208	0.0109472872908799
AT1G70000	2357.92960508371	1.39258812962101	0.210518469835179	6.61504014688738	3.71450923036291e-11	6.41169776947133e-09
AT1G70260	80.5723247078161	1.41808476292019	0.443181904969771	3.19978037690171	0.0013753234455678	0.0230751275011867
AT1G72260	21.3280605161955	-2.34641816803744	0.597013366976653	-3.93026069067763	8.48538111766251e-05	0.00247765317007559
AT1G72490	1570.99817275331	1.15704737207527	0.251136980509092	4.60723613754439	4.08056514001728e-06	0.00018928749517879
AT1G73640	353.133825230701	1.00282348660987	0.258128361802493	3.88497985888579	0.000102338372139758	0.00287567425766801
AT1G73650	12496.4083652227	1.16922940928417	0.17916046450427	6.52615750087156	6.74783642292285e-11	1.09756154740541e-08
AT1G73870	90.9412243709435	1.59450866737628	0.367746383241873	4.33589218014837	1.45170093620303e-05	0.000569327041038882
AT1G73990	14956.8174925181	1.06084382053405	0.237909655169463	4.45901962145427	8.23353843859142e-06	0.000349360876824112
AT1G75620	155.089600598172	1.00547280076205	0.284609298605609	3.53281781617177	0.00041115570112661	0.00895507704754214
AT1G75770	264.047451613351	1.14817590755248	0.354298242135903	3.24070449977582	0.00119234714237721	0.0207367744109667
AT1G76570	3443.24650789933	1.78680434819052	0.33888832507752	5.27254619285511	1.34543958316461e-07	9.78200114132343e-06
AT1G76965	1830.67077692802	-1.26014754983353	0.350557530126114	-3.59469542525641	0.000324771289771861	0.00739080422122978
AT1G09777	39.5140219063113	1.33670227404365	0.460817593780439	2.90071883557582	0.00372307773104735	0.0495382141308839
AT1G78340	388.253898927024	1.60046886968755	0.48395768076298	3.30704301905972	0.000942864111748195	0.017137703417979
AT1G78440	140.424782497273	2.35455296268588	0.360501958622174	6.53131808682788	6.51933729393234e-11	1.06723654513703e-08
AT1G78476	78.7525398400194	1.09562513234681	0.302619100986446	3.6204758020079	0.000294061753177048	0.0067893748181205
AT1G78500	266.762366593165	2.34399693331656	0.461915648291121	5.074512937564	3.88489800740446e-07	2.50191375735738e-05
AT1G78510	10186.1234878217	2.15727635317168	0.33615772098794	6.41745293498427	1.38573179861733e-10	2.05623150047463e-08
AT1G78600	14731.6920154195	1.05363392407954	0.229354617949797	4.59390760691013	4.35022046964912e-06	0.000199968286588545
AT1G78820	3067.98597806816	1.52125906025169	0.225719022428735	6.73961389644059	1.58808066876457e-11	2.91999702095886e-09
AT1G78840	1345.92950651117	-1.19559822873355	0.175761915284074	-6.80237369285135	1.02909232141839e-11	1.9486707883336e-09
AT1G79270	20237.6012393103	2.12344994090354	0.224713066533697	9.44960599603191	3.40108485905364e-21	2.15747818034068e-18
AT1G79320	535.292020621276	1.24369864421144	0.404096354559436	3.07772794824486	0.00208585242883123	0.0314476646043754
AT1G79370	12.0941355768628	-2.47187879890332	0.701554269588548	-3.52343205088474	0.000425996311716844	0.00917591715917079
AT1G80340	161.999716925643	1.17717040481102	0.237375838926195	4.95909950286484	7.08206884678473e-07	4.19860782519429e-05
AT1G80865	11120.0404268279	-1.11942724455618	0.158438124700562	-7.0653906480642	1.60164771663088e-12	3.53393123146017e-10
AT5G01410	30477.2310621244	1.12687857176202	0.334879695432778	3.3650250735737	0.000765367035044463	0.0146238126108571
AT5G01740	177.268516758486	1.3510390916458	0.369684580141198	3.65457247670373	0.0002576108855621	0.00612616552038681
AT5G01910	550.158409134643	-1.22600189542832	0.21715557549652	-5.64573068236955	1.64481158864743e-08	1.52319157847956e-06
AT5G02270	27655.1472857902	1.6909305288003	0.123402108424199	13.7026064659095	9.79441973478319e-43	2.48523606350389e-39
AT5G02900	16.3689283735216	-2.25292146703173	0.563751637223477	-3.99630141763765	6.43398047841519e-05	0.00198410805027685
AT5G03555	2620.47443584523	1.29276656582632	0.222790457829109	5.80261191804692	6.52897859097969e-09	6.76188990887831e-07
AT5G03610	41022.4964036729	-1.14607730897461	0.267739134150535	-4.28057449506141	1.86411473794686e-05	0.000699704842613368
AT5G03620	11693.2304443799	-1.51787447899603	0.164868554280263	-9.2065735981148	3.36701109495372e-20	1.89854532274124e-17
AT5G04000	185.488891574818	1.315525794191	0.264378719597501	4.97591408337934	6.49404487149268e-07	3.94210274089127e-05
AT5G04120	1914.84036655247	1.62894146992806	0.475482626154558	3.42586959086611	0.000612834542821957	0.0122441446374522
AT5G04933	129.182040295312	-1.52857699778318	0.289380862168444	-5.28223250953416	1.2761908867044e-07	9.35897906336339e-06
AT5G04937	721.519110535034	-1.59658402330885	0.312615792997242	-5.10717647372005	3.27008320033314e-07	2.15519717208449e-05
AT5G05270	3775.62193595819	2.1906378500003	0.130371514937923	16.8030405341488	2.31848297164684e-63	1.47072967306417e-59
AT5G05280	422.472313696728	2.28058232508062	0.21634383176744	10.5414714459349	5.5621723377664e-26	5.04052003208874e-23
AT5G05720	927.865127904707	-1.10116337455928	0.28092319804591	-3.9198022171858	8.86216671516406e-05	0.00255823228931255
AT5G06730	2419.040705808	-1.06363918191015	0.291464460911731	-3.64929287976647	0.00026296316144048	0.00621847833959995
AT5G06890	553.192398377361	-1.07840108080084	0.278560671220718	-3.87133286287342	0.000108241863428168	0.00301816378310586
AT5G06900	1622.76358591618	-1.05518699939998	0.253140012179331	-4.16839278119518	3.06754996766973e-05	0.00106478813788853
AT5G06905	984.510478825086	-1.25775762157553	0.225598896928429	-5.57519402222323	2.47254135343593e-08	2.17087419730392e-06
AT5G06920	253.369218745568	-1.08343270125509	0.232119432537868	-4.6675656984399	3.0478930575049e-06	0.000147309025602151
AT5G01325	9.59303143392215	-3.39343360170072	0.89179245656038	-3.80518311938756	0.000141699318632222	0.00374139283139854
AT5G07190	11.5510617590258	3.17272078985919	1.00764200729423	3.14865871697702	0.00164021626347126	0.026357724806409
AT5G07480	26.7943017456537	-1.68673620651567	0.499506712463672	-3.37680388356811	0.000733333165204896	0.0141583193054826
AT5G08640	6558.90796510506	2.2743282500756	0.18276279087454	12.4441536441454	1.50470899236023e-35	2.54536573147656e-32
AT5G09370	24.3168071509743	-1.66287057910848	0.426281025697264	-3.90087871349314	9.58441631291898e-05	0.00272334803498327
AT5G10470	24254.7462284635	1.02491727449389	0.300320889796286	3.41274053626145	0.000643131425880359	0.0127391231852367
AT5G11250	6247.16732763778	1.0395911935514	0.169663747207567	6.12736197721465	8.93480471724742e-10	1.11133203380116e-07
AT5G11260	9896.46109469853	2.41130596244506	0.211024109938201	11.426684671961	3.07631166183029e-30	3.71706343368008e-27
AT5G12020	491.885091745295	-1.32003669075153	0.219933344474112	-6.00198525561416	1.94919405498914e-09	2.22357899993473e-07
AT5G12030	791.458256521421	-1.27175950536841	0.149428568110432	-8.51081905856544	1.72708971267443e-17	7.06825393054857e-15
AT5G13360	2085.29300909787	1.05982831652205	0.237676404421323	4.45912297900348	8.2295694955096e-06	0.000349360876824112
AT5G13600	61.8300577327096	3.23122381299654	0.863851791803323	3.74048400854878	0.000183666232084721	0.00465104488315141
AT5G13620	230.993497707266	3.67276974633836	0.626354363504665	5.86372500989371	4.52596809521577e-09	4.82529052302542e-07
AT5G13630	59827.8463726624	1.3902986174705	0.380598114914771	3.6529309079259	0.000259264009766692	0.00615970504103
AT5G13930	17125.4854478946	2.14036534581872	0.248898215392883	8.59935995298387	8.01618969151374e-18	3.44750503783847e-15
AT5G13940	763.38731260695	1.42486102946948	0.420151098836826	3.39130620725295	0.000695603369062327	0.0135771076050673
AT5G15180	2970.65439973003	1.31141256391748	0.266729387309095	4.91664070895109	8.80419225835958e-07	5.0657046340956e-05
AT5G15660	7518.98384048534	-1.25965555033207	0.209940920382388	-6.00004776599873	1.97259493201882e-09	2.23449213415382e-07
AT5G15670	26.0075851257291	-2.05849405090612	0.488443868974519	-4.21439223964035	2.50451696099396e-05	0.000897593409156226
AT5G17030	147.322995320304	2.23901817399856	0.482267309723989	4.64269115665334	3.43900215913467e-06	0.000163717149692089
AT5G17040	528.186685104769	1.77007600966738	0.294656943074002	6.00724351240838	1.8870399116111e-09	2.17038816434627e-07
AT5G17050	12684.9274014226	2.62094917523794	0.196289308860357	13.3524805322052	1.14569299161212e-40	2.64280126992417e-37
AT5G17167	93.5975804049505	1.55815876074435	0.470978079831801	3.30834666721816	0.000938485601009571	0.0170703466953526
AT5G17220	796.513689550168	2.43934649135208	0.399175989997891	6.11095494837995	9.90367233912859e-10	1.2198824365682e-07
AT5G17780	845.744967061266	1.57224670548069	0.149836642294133	10.4930721978829	9.2955798291343e-26	8.13331181325703e-23
AT5G20070	7358.32722549828	1.16207120388369	0.146564663359816	7.92872700175213	2.21403653187672e-15	7.29596921556363e-13
AT5G03115	841.842826205529	-1.56445022498693	0.371383720014292	-4.21249004917804	2.5257084490953e-05	0.000902638397004848
AT5G20240	11463.7398306849	-2.06770375125748	0.301040274086831	-6.86852866291596	6.48674413308358e-12	1.28558419657017e-09
AT5G21280	444.884616172645	1.21654864298499	0.271338966808929	4.48350141998462	7.34281138392155e-06	0.000316326818430603
AT5G22200	115.609419182194	-1.56165392251232	0.389437509390903	-4.01002441946287	6.071246863531e-05	0.00189252847561714
AT5G22670	469.104819649838	-1.12240447654216	0.174887053487625	-6.41788202247677	1.38183273075001e-10	2.05623150047463e-08
AT5G23730	2223.08984209204	2.7229954612718	0.330011673304398	8.25120952239815	1.56799364390291e-16	6.0282228364231e-14
AT5G23970	38.9883151785439	1.52364733228098	0.378237880237072	4.02827800146825	5.61868811465054e-05	0.00176228173326505
AT5G24090	479.730255407563	1.02891647849193	0.322553251875869	3.18991196804892	0.00142316137763316	0.0237418124891939
AT5G24120	21267.5798741827	4.30260448232232	0.306245707710879	14.0495176715565	7.75604734105051e-45	2.46002431539769e-41
AT5G24140	729.404225356642	1.33993459954462	0.313303908534564	4.27678864847865	1.89608659284665e-05	0.000709606212491017
AT5G24150	1273.92067978401	2.34239466750417	0.362297097688056	6.46539727326496	1.01033020322336e-10	1.55370415615695e-08
AT5G24155	190.742531652795	2.16998682422187	0.538254175730885	4.03152808108787	5.54153738369661e-05	0.00174455297238112
AT5G24850	7180.01683790392	1.98771738829923	0.230951978732392	8.60662636106891	7.52421985388776e-18	3.29171645814738e-15
AT5G25310	47.2347644485114	-1.86391063338388	0.420222702596385	-4.43553054574998	9.18458066577498e-06	0.000385205867460123
AT5G25320	64.107988937768	-1.10541787797715	0.319647901993883	-3.45823598741563	0.000543724891632413	0.0111261898389362
AT5G25330	34.6110730739704	-1.33028486554157	0.349414051352437	-3.80718766286756	0.000140556087119466	0.00372282897136672
AT5G26930	175.005040847324	-1.11578786988104	0.378494028230977	-2.94796690742008	0.00319871304395628	0.0440391452942738
AT5G27370	660.466125255067	-1.24162699828824	0.261735591739884	-4.74382177079755	2.0972338645159e-06	0.00010694344259157
AT5G27440	45.2744746237125	-1.5629405450149	0.49417379266744	-3.16273458488865	0.00156294755717927	0.0254545772245614
AT5G28520	36.6510729468793	1.37010406624554	0.424222914120263	3.22967954026437	0.00123929041535698	0.0212758829494372
AT5G04865	12.8624290947352	4.21048434484131	1.14772799650239	3.6685385018684	0.000243940961966019	0.0058726356441421
AT5G35960	54.5774556776901	1.71316053670723	0.524491492745501	3.26632664285846	0.00108952494512997	0.0192786652424881
AT5G35970	25170.6886847415	2.71362006062803	0.374355391758923	7.24878049138809	4.20540789194873e-13	1.01626685571721e-10
AT5G36130	177.619337890804	2.85855969566624	0.691801479805397	4.13205201074497	3.59539036891649e-05	0.00120833689034288
AT5G36140	311.066460274427	3.37622796464998	0.585616020378406	5.76525888494029	8.15325890221349e-09	8.20955521368115e-07
AT5G36150	101.127153123148	3.34083510337311	0.63398309383518	5.26959651741383	1.36723963913301e-07	9.91209674381741e-06
AT5G37550	366.039997486857	1.45871396497503	0.361585455021432	4.03421637877711	5.4784817342394e-05	0.00172899248164913
AT5G38344	301.930658467952	1.11472685455329	0.226931589516083	4.91217135935271	9.00732773459653e-07	5.13599851545286e-05
AT5G05725	17.8105613486362	3.13930356432538	0.932134793294618	3.3678643763844	0.000757528508414382	0.0145141125272838
AT5G39490	14.8582795830537	2.56853925419573	0.796733306645281	3.22383818119867	0.00126484851866768	0.0215977566034144
AT5G39560	196.438385123757	-1.6134099257907	0.305540177196132	-5.28051643026645	1.28820271248049e-07	9.41984312002301e-06
AT5G39890	1583.51780866152	-1.15540067334533	0.31644635042927	-3.65117395659008	0.000261044345820413	0.0061788612228052
AT5G40210	282.114993115477	1.38776221396128	0.281440373906906	4.9309279784439	8.18399055975644e-07	4.73030925884419e-05
AT5G06045	31.7341491208663	-2.00894724135546	0.652529786194173	-3.07870580601765	0.00207901874665349	0.0313636348556936
AT5G40590	409.249404301504	1.42549230646313	0.448249723075496	3.18012980952371	0.00147209092830777	0.0243340946025286
AT5G41760	6407.71374013332	-1.17308358073502	0.225949613775993	-5.19179281225951	2.08278705345452e-07	1.4361043123466e-05
AT5G42270	77837.4220372954	1.34312862950042	0.341971454336231	3.92760451923522	8.57961392815838e-05	0.00249988716411329
AT5G42760	1064.36267307008	2.19383794450237	0.387055233905685	5.66802293916777	1.44454629652036e-08	1.37280590741227e-06
AT5G06515	51.2931320580982	-1.15111528616159	0.32837940914668	-3.50544295439488	0.000455848176791188	0.00969227607600528
AT5G43590	99.023236374311	1.34604415348418	0.411667077090747	3.26973962308737	0.0010764652050393	0.0191008588200469
AT5G43630	11066.6772869917	1.17824060226797	0.185138966779082	6.36408759736633	1.96454004494576e-10	2.76934661669187e-08
AT5G44110	7098.19382478612	3.20505936215188	0.138875765719663	23.0786080317401	7.59431832180316e-118	9.63491165487167e-114
AT5G44420	4290.39177299705	-2.30742916493427	0.464164678861398	-4.97114336789784	6.65592062785357e-07	4.01955982270152e-05
AT5G44430	972.828918202479	-2.40541506392479	0.496473369166349	-4.84500320322082	1.26609636091916e-06	6.89397619355424e-05
AT5G45070	3301.05012647041	1.92113630519174	0.520356522111793	3.69196161392402	0.000222531057307431	0.00546612105335795
AT5G45115	670.824267655732	-1.02285130136316	0.24163341144268	-4.23307064720971	2.30522050948449e-05	0.000842833792617571
AT5G45120	67.387477449703	-1.22170214920004	0.328461479247632	-3.71946857207868	0.000199642385587106	0.00499086294767213
AT5G45570	102.326971691441	-1.30015812982199	0.314232032786122	-4.13757349400126	3.50998039872232e-05	0.00118591534803169
AT5G45573	60.8503659277044	-1.34866019043423	0.32318041238119	-4.17308765867743	3.00499258892224e-05	0.00105170595794914
AT5G45850	33.0692375572149	1.66805998790837	0.532649122595414	3.13163003025424	0.00173838786767751	0.0273634328501546
AT5G45860	24.0891988059897	4.30880479457845	0.71906982176095	5.99219250228927	2.07030649082479e-09	2.33475363991948e-07
AT5G06955	15.7318497158168	-2.18090252822297	0.585824068530159	-3.72279434283895	0.000197030005700094	0.00493041357458993
AT5G47175	216.230782418162	-1.72244467483508	0.275820199019757	-6.24480977447088	4.24316197815997e-10	5.66663115967532e-08
AT5G47610	1276.10624297843	2.66037593555752	0.408704298268841	6.50929277432643	7.55054358205619e-11	1.21257906867781e-08
AT5G48430	2717.88474678975	-1.89087051618942	0.239942487783884	-7.88051559210523	3.26032933741966e-15	1.06061021291906e-12
AT5G49330	1094.43558446143	4.32035814883266	0.454594502763722	9.50376241368275	2.02440773889736e-21	1.31711081966107e-18
AT5G49740	2646.42347914134	1.11957632619234	0.381235556880493	2.93670489540223	0.00331719603420905	0.0453260808680778
AT5G50100	5186.6057163092	1.57208985071848	0.316701047539611	4.96395532295122	6.90718388973882e-07	4.14333059144759e-05
AT5G50800	290.214452245637	2.43374267493743	0.324825217137937	7.49246840002556	6.75902059822006e-14	1.90559320732484e-11
AT5G52050	61464.2598989539	-1.05617580801902	0.178752653413527	-5.90858814037105	3.45052180181011e-09	3.74160428201409e-07
AT5G52250	2774.72237136494	2.89451470750636	0.270420146510879	10.7037687274898	9.77210859926934e-27	9.5368262922254e-24
AT5G52420	3287.0470645254	1.12931992334617	0.311326901929656	3.62744085508338	0.000286244316617579	0.00663908893039711
AT5G52570	315.397103556998	1.17846399555339	0.363431835979876	3.24259979144657	0.00118444460594313	0.0206273832746747
AT5G52655	311.627638086154	-1.32551784809277	0.45099905606872	-2.93907011612637	0.00329198591288071	0.0450692448976568
AT5G53970	7837.03188601707	1.53008762474958	0.316669339581849	4.83181487279448	1.35294032391385e-06	7.27320080063349e-05
AT5G54040	457.947701040342	1.12813900232306	0.377580387576997	2.98781144212108	0.00280982849091854	0.0396753411956411
AT5G54060	306.684148713955	3.23528799514097	0.566587931138974	5.71012514974911	1.1289312640221e-08	1.10175007281911e-06
AT5G08135	734.17258645597	-1.12330868687934	0.295146789475768	-3.80593225789285	0.000141271048790802	0.0037378640167026
AT5G54230	1261.79174900618	1.05261633554371	0.237758911927968	4.42724239864712	9.54454535805238e-06	0.00039572433646278
AT5G54510	4791.71746877559	1.51171794209308	0.212182394284956	7.12461534420655	1.04371754483878e-12	2.36457937345886e-10
AT5G54790	99.4918818839395	1.642615157327	0.388935712410451	4.22335904087284	2.40687927347739e-05	0.000867502197233173
AT5G55570	352.875878610213	1.61181330603997	0.457326611900199	3.52442491667578	0.000424403073376848	0.00914936583166027
AT5G55620	1337.57457729297	2.186562607306	0.359605138901052	6.08045428379611	1.19842518681357e-09	1.44117728389609e-07
AT5G55930	10347.318092179	-1.24083649833346	0.222557922577199	-5.57534184343875	2.47044262549535e-08	2.17087419730392e-06
AT5G56090	2483.78872940044	1.04623733658037	0.171630604450749	6.09586699253627	1.08845889661262e-09	1.32781519435811e-07
AT5G56390	14.0568816123951	-2.3134000564479	0.756150591104065	-3.05944356013804	0.00221748565696601	0.0330396248149474
AT5G56400	104.709400050313	-1.37827519463096	0.255643620133129	-5.39139288480272	6.9913629081494e-08	5.49222422388182e-06
AT5G56850	4640.43111336294	1.00347491534799	0.337940537666448	2.96938308223453	0.00298398341368107	0.0415350169707934
AT5G56860	5223.3879956908	2.06211961366557	0.372355032649821	5.538046844676	3.0586346097867e-08	2.62195251988945e-06
AT5G57180	8623.64634917537	2.39949741976701	0.397827993143998	6.03149466884923	1.62450085258635e-09	1.88219564536649e-07
AT5G57260	542.565794072086	-1.23045868839917	0.202747222640595	-6.06892993340962	1.28765304145756e-09	1.52677141467029e-07
AT5G57500	1336.5250262415	-1.66298033721782	0.314727525538702	-5.28387319911527	1.26480812345413e-07	9.30238878971744e-06
AT5G08775	8.00102259375388	4.53236724610967	1.54401897980941	2.93543493012575	0.00333080461767499	0.04548753302954
AT5G57785	332.128320518039	2.32076809495898	0.318615233075314	7.28392071075395	3.24255634251541e-13	7.98802180922194e-11
AT5G58760	6033.87686730818	1.62449450482856	0.22714780393932	7.15170684750502	8.57054497219314e-13	1.99512851490302e-10
AT5G58770	816.657779167717	1.65089139993866	0.247369063562114	6.67379896324069	2.49265024140887e-11	4.45412022714850e-09
AT5G59050	2441.45325810407	1.46356372097122	0.229021335034526	6.3905125727722	1.6533060950043e-10	2.39795917321995e-08
AT5G59220	555.141943330354	2.34125358830822	0.233800849990616	10.0138797117384	1.3245398704349e-23	9.60253562069007e-21
AT5G59350	1377.47326784288	1.08632686181574	0.314019184655993	3.4594283244376	0.000541323328334173	0.0110949419492337
AT5G59730	14.6964508823273	-2.0700665236062	0.650651110985226	-3.181530759967	0.00146498964925481	0.0243165521016097
AT5G60070	22.2499910221426	-1.64548877167995	0.547597311835583	-3.00492485283421	0.0026564647255558	0.0381250768926769
AT5G60320	851.197557418441	-1.19382611332084	0.205381729892923	-5.81271817090665	6.14664960543897e-09	6.39201176591837e-07
AT5G61650	65.7608024850854	1.09190991440379	0.349783481821727	3.12167375290838	0.00179826097166226	0.0280449132728692
AT5G62100	403.825978914368	1.27977387809385	0.302074296729528	4.2366195732295	2.26910106049998e-05	0.000830824968385663
AT5G62210	867.033594726388	1.01124105161682	0.253228291104967	3.99339681677845	6.51334295100795e-05	0.00199878254739921
AT5G62420	41.9065626848125	1.69253143142311	0.438200470295283	3.8624591851364	0.000112251323595832	0.00310945969969503
AT5G64170	10384.4112557556	1.44381111018717	0.220827354983965	6.53818957480159	6.22679666101717e-11	1.03267149331144e-08
AT5G64280	29093.4793455415	-1.20806862627934	0.162361207836004	-7.44062354783398	1.00211144174474e-13	2.70506124710968e-11
AT5G64840	25725.6600282272	1.12317626722982	0.292565842223523	3.83905468489964	0.000123508922373447	0.003362570167708
AT5G64850	3085.06716289959	1.73070572516823	0.253005234548661	6.84059256029092	7.88662700614648e-12	1.52759750880886e-09
AT5G64940	11438.3715793686	1.20595326207228	0.249848067274639	4.82674641123665	1.38781652467329e-06	7.41356978885476e-05
AT5G65730	423.73827752835	1.45880937292172	0.462058471735809	3.15719646355889	0.00159293982727877	0.0257611569008103
AT5G66150	946.008660594146	-1.74183945193683	0.263908180091891	-6.60017226950042	4.10680288044179e-11	6.9936923683443e-09
AT5G66660	134.180899864104	-1.20363669373533	0.407009772834607	-2.95726730430241	0.00310378919978255	0.0429894202494835
AT3G01260	1537.46593081703	-1.03806999721678	0.314318957023977	-3.30260066731387	0.000957926974376391	0.0173493497843159
AT3G01420	12839.5748655889	1.24062471068627	0.373192676335947	3.32435438676578	0.000886235002709861	0.0163544196063709
AT3G01880	31.5843012962344	-1.98784009726949	0.663515872132401	-2.99591943577927	0.0027361871364081	0.0388734671888125
AT3G02270	32.683068228371	-1.71177302400941	0.488208431016242	-3.50623404935106	0.000454495378646048	0.00967480347127922
AT3G02550	13985.7732167704	-1.5716857538122	0.349562316780795	-4.49615327042754	6.91938669433603e-06	0.000299611805430175
AT3G02810	146.27684382674	-1.46410709710608	0.259261611712855	-5.64721899024391	1.6306406538331e-08	1.51559985166158e-06
AT3G02850	32476.2304833054	-1.72167429602887	0.136370212676521	-12.6250026471161	1.53736280817887e-36	2.78636027819504e-33
AT3G01195	182.770192361146	-2.46628956644747	0.516719681438354	-4.7729739257894	1.81525299953204e-06	9.4774135000259e-05
AT3G04420	1725.811851517	1.17729844153325	0.205304263024035	5.73440816177995	9.78534280184931e-09	9.69895657242673e-07
AT3G05660	2885.08921198751	-1.0936922301433	0.334084508850253	-3.27369932208837	0.00106149496661781	0.0188880598057225
AT3G05800	1958.58579014594	1.25711396879289	0.349440145940123	3.5975087104282	0.000321279739921729	0.00731791034180786
AT3G05932	230.651329205481	1.34744217817154	0.278229632427632	4.84291398588543	1.27948685921547e-06	6.95196992842257e-05
AT3G01835	23.6224198729105	-1.72086386516784	0.496453064129272	-3.4663173409677	0.000527640113739817	0.0109025572036108
AT3G09520	2998.22931375507	1.19831947933141	0.169141706499646	7.08470727965556	1.39338509970544e-12	3.10138188771279e-10
AT3G09530	248.865337987041	1.59812407842263	0.432356727240727	3.69630903772854	0.000218756664878983	0.00538905982003817
AT3G09590	24.2062395090637	3.13021082043899	0.690137385909208	4.53563433071396	5.74306104057127e-06	0.000253433792771227
AT3G09600	1500.0926703621	1.17972840785516	0.21789616041632	5.41417712731207	6.1571194111272e-08	4.95970628374417e-06
AT3G09650	5996.93842564302	1.32113886976332	0.333503713383796	3.96139178289435	7.45141522260908e-05	0.0022322574953776
AT3G10040	2087.1620102309	-1.23382475752266	0.272954898568034	-4.52025138217159	6.17662437547577e-06	0.000271151672843118
AT3G10280	318.635219512987	-1.11542109782586	0.228390346420016	-4.88383644628557	1.04041384393692e-06	5.80207931341876e-05
AT3G11180	72.0342082927782	-1.55213269502458	0.454645076112686	-3.41394370372523	0.000640298046895085	0.0126929083139968
AT3G02655	19.7406560859832	-1.61486095473338	0.512939754728324	-3.14824682596241	0.00164252936683398	0.0263732059845938
AT3G13280	385.545543511575	-1.20759941426869	0.264811474298235	-4.56022314542409	5.10992914732069e-06	0.000229080109865928
AT3G14040	196.449345553397	-1.0074069784796	0.26663541183556	-3.77821899778599	0.000157953949087075	0.00408971786136268
AT3G14690	20860.4638120837	1.04458708840036	0.27158897394285	3.84620580591084	0.00011996101206154	0.00328359300976216
AT3G14770	2447.39409789123	1.49052122509592	0.233829040251805	6.37440594842629	1.83673489510772e-10	2.61827591171142e-08
AT3G14810	848.278418753602	1.72577584738145	0.401882071217348	4.29423448066213	1.75297131938454e-05	0.000668870590346818
AT3G14940	17712.068819622	1.04500208119944	0.311479364988426	3.35496408000661	0.000793752904568985	0.0150079628916046
AT3G14950	216.226485881319	1.50735299299796	0.311633490117519	4.83694160223129	1.31852144731248e-06	7.11833259661848e-05
AT3G15354	5651.20224080649	1.35637551351782	0.259810435125629	5.22063524069753	1.7831043674457e-07	1.24984779612064e-05
AT3G16175	272.958506895971	1.74552831827201	0.401948536914903	4.3426661822669	1.40763934910735e-05	0.000555481195089423
AT3G17040	8940.00205151813	1.70456997507828	0.304242466101043	5.60266946597839	2.11075499828748e-08	1.91279633309094e-06
AT3G17130	45.4038069211401	1.11168643885246	0.303733535349881	3.66007144246313	0.000252144937463715	0.00601874472549793
AT3G17609	5298.19080960004	2.36680640503695	0.215451279546564	10.9853439256341	4.49523146720359e-28	4.752583468701e-25
AT3G17611	1704.03880282818	1.55437558168928	0.19384243900967	8.01875786143892	1.06819841559177e-15	3.76450924961465e-13
AT3G17620	283.666158749787	2.4575697817399	0.471823796533507	5.20866009683209	1.90209190956586e-07	1.3222926058445e-05
AT3G17630	2280.43069955075	1.12086551653981	0.229405784603641	4.88595140909981	1.0293058352183e-06	5.75277670987429e-05
AT3G19160	138.602330996035	2.17898541839894	0.578206881851712	3.76852210997684	0.000164216941631703	0.00423029510351556
AT3G19250	5364.59818384573	-1.02631871604875	0.208866806145117	-4.9137473540706	8.93518774637028e-07	5.10633905127026e-05
AT3G19350	50.8388576883205	-1.29547256529876	0.3578112083632	-3.6205477498172	0.000293979987941939	0.0067893748181205
AT3G19450	21687.3002385981	1.36935628833257	0.195033476944403	7.02113457538845	2.20073751406525e-12	4.69256417494888e-10
AT3G20820	4323.68349225153	1.5833942920047	0.331859841468926	4.77127417706237	1.83064146568644e-06	9.53813070848619e-05
AT3G21150	1109.32710784191	2.42676050883792	0.241044764703693	10.0676756527819	7.67709140017348e-24	5.72936815258829e-21
AT3G21390	2548.42491959695	1.17616845816935	0.272677966881659	4.31339749089373	1.6076469813927e-05	0.000620889414092213
AT3G21560	25615.8787295523	3.48490794737821	0.221557900233422	15.7291071259778	9.55489420175873e-56	4.04076475792377e-52
AT3G21670	1267.21105862825	1.13138966716252	0.289035123049512	3.91436741398627	9.06415270724244e-05	0.00259880012196124
AT3G21870	351.339109299877	1.88713864418071	0.577014987853202	3.27051928269984	0.00107350223249102	0.0190845449558778
AT3G21880	38.1082691078817	5.82071529226082	1.08267025612402	5.37625861552628	7.60495371254706e-08	5.9374798616052e-06
AT3G21890	281.065632824302	4.04916818148978	0.567822460957911	7.13104616301876	9.96089020575064e-13	2.27700565838484e-10
AT3G22840	21832.8485647127	4.58518730069135	0.273646379008526	16.7558851584456	5.12917917834821e-63	2.60295584942815e-59
AT3G23210	1100.97454666683	1.3930172705284	0.194892052517989	7.14763507557506	8.82856322167281e-13	2.03650875624296e-10
AT3G23270	1198.42438536328	-1.34376262818381	0.245300563462871	-5.47802503677171	4.30099287830087e-08	3.56645076124203e-06
AT3G23410	6093.64449300244	1.08381139816318	0.268546398623995	4.03584409888393	5.44063360271387e-05	0.00172132963884366
AT3G23510	3950.16539976183	1.65311154498778	0.398835712812815	4.14484333243156	3.40046116531256e-05	0.00115972179581506
AT3G23530	25248.4314290609	2.06463555210245	0.264250795394591	7.81316684030959	5.57686961486622e-15	1.76884362009519e-12
AT3G23550	8053.61982708154	-1.39176802791244	0.27621969925981	-5.03862697570804	4.68883308290863e-07	2.95221961900059e-05
AT3G23810	23473.1903512923	1.45835569262688	0.203677871960238	7.16010864897284	8.06131444508913e-13	1.89396104379344e-10
AT3G23840	240.720625594831	1.00849478020885	0.228707330751949	4.4095428725135	1.03589049982978e-05	0.000424631430414876
AT3G24190	16101.2992352086	1.70908579513321	0.325749622208025	5.24662402844409	1.54911574476391e-07	1.1041365985292e-05
AT3G24300	557.280968997677	1.5421065300384	0.238223692822261	6.47335498736041	9.5850402494262e-11	1.50130130425272e-08
AT3G25080	50.5839590607786	-1.66265082531566	0.335878947318017	-4.95014897060944	7.41566970323455e-07	4.3456166986114e-05
AT3G25180	568.998014652435	-1.11609733266867	0.368331622445734	-3.03014257982452	0.00244438314425333	0.0357165204951991
AT3G25221	86.3687374743429	-1.16562363639919	0.298436837100508	-3.90576326878382	9.39284327591011e-05	0.00267791017171846
AT3G25420	36.2760340231993	-1.52181718793277	0.399900978326252	-3.80548503357555	0.000141526572496708	0.00374072421930363
AT3G25490	50.8605784081068	-1.13942081673114	0.336773284972406	-3.38334680206152	0.000716081456761783	0.0139013182689383
AT3G25760	65581.3645079888	-1.0937511430219	0.281752366691328	-3.88195902616906	0.000103618339211368	0.00290520634160138
AT3G25820	60.0039838049103	1.29899360624437	0.348362689826297	3.72885399091414	0.00019235255846408	0.0048324295232352
AT3G25930	3094.59907170169	1.24687809058455	0.287306120933625	4.33989393101936	1.42551506749016e-05	0.000561661790721978
AT3G26190	580.012223737225	-2.74310330780374	0.516094592372327	-5.31511732218418	1.06588628985327e-07	8.04934485676692e-06
AT3G26200	16393.9867038777	-1.51068285570939	0.167888018077233	-8.99815765896075	2.29537025687621e-19	1.23920691272291e-16
AT3G26620	56.7600454723209	-1.10769727102293	0.314015750746212	-3.52752136920089	0.000419469900824914	0.00907385273958344
AT3G26940	106.742679316814	-1.19515465456334	0.298307524553603	-4.00645158499372	6.16377524591841e-05	0.00191431619449123
AT3G27170	2437.98224110578	1.4391576344433	0.220195114462021	6.5358290893939	6.32581213434079e-11	1.04228024088807e-08
AT3G27720	46.5498969320954	-1.5081981846745	0.456662044913696	-3.30265718702226	0.000957733938818289	0.0173493497843159
AT3G27810	431.247419870425	1.19399117037134	0.285511332295902	4.18193968263893	2.89032657000104e-05	0.00101718649635515
AT3G28170	220.768295263126	3.02836048113078	0.243807168359698	12.4211297867293	2.00706921458842e-35	3.18296089068541e-32
AT3G28345	1180.76797574064	1.23204152331749	0.182757648725483	6.74139513125451	1.56872942231527e-11	2.90547009940349e-09
AT3G28925	218.986645640194	-1.37077313613375	0.413963950209309	-3.3113345629267	0.000928521242830741	0.0169376693138657
AT3G05635	191.96188790948	-1.20614470453891	0.324870302146056	-3.71269610232532	0.000205063060153007	0.0051012451846298
AT3G29190	373.593802168158	1.49681545211175	0.413322298367497	3.62142438969235	0.000292985437785503	0.00677685733670861
AT3G29200	4877.08559120774	1.40095494752333	0.175437260435779	7.98550401461707	1.39949308505099e-15	4.79874831622755e-13
AT3G29590	116.609248849492	2.83131193058276	0.529093367186535	5.35125198344164	8.73477917048578e-08	6.75720386194836e-06
AT3G30180	1020.75401086739	1.00338266436722	0.250943026314442	3.99844809040417	6.37591602732034e-05	0.00197055412030726
AT3G30460	37.927315741186	4.62058756150118	0.825666520157325	5.59619101501264	2.19112286239592e-08	1.97154437980262e-06
AT3G41768	224240.876550777	1.45208314916609	0.366722342445201	3.95962552890562	7.50673787919681e-05	0.00224353317958469
AT3G43250	3220.34519280843	-1.33491366270263	0.309160521538476	-4.31786586482546	1.57545121536412e-05	0.000610312963948844
AT3G44450	1899.06738331441	2.31661142261348	0.311303699316181	7.44164437397376	9.94396243778253e-14	2.70506124710968e-11
AT3G45330	148.774937717862	1.33293766606131	0.328664796254375	4.05561435618334	5.00027009635265e-05	0.00159794525723995
AT3G45800	18.3691508290375	1.57245792002853	0.527911670667417	2.97863829765411	0.00289532336709721	0.0406563005626589
AT3G46613	58.4964920657356	-2.80444394794799	0.380114490268164	-7.37789276585986	1.6081440615658e-13	4.12172196143137e-11
AT3G07465	6811.25192523901	-1.64278614082432	0.199656609180372	-8.22805790185592	1.90273108897257e-16	7.20595502262536e-14
AT3G46614	1826.18918410658	-1.15268445795938	0.277079440935454	-4.16012264954693	3.18076737715842e-05	0.00109957481509561
AT3G07495	79.6764287882953	-1.06741545397378	0.286540358576285	-3.72518363303996	0.000195173091030127	0.00489359882588778
AT3G47130	51.3412691442588	-1.65636301357095	0.361051384852015	-4.58761019362895	4.48348787756193e-06	0.000204098507626055
AT3G47710	162.038974917062	-1.26122327974492	0.315601791274805	-3.99624880026973	6.43540996838437e-05	0.00198410805027685
AT3G47720	604.96589707393	-1.9519487794228	0.465302360020032	-4.19501156052327	2.72857670918711e-05	0.000964274448731388
AT3G47830	295.942605604444	1.39584730613945	0.218936683533519	6.37557527414427	1.82277433160631e-10	2.61827591171142e-08
AT3G48344	125.44062024353	1.19772838264923	0.380230006710182	3.15001015572703	0.00163264787111352	0.0262961190013206
AT3G48346	117.358493814269	1.0663628774201	0.360953251505352	2.95429636101863	0.00313382899941538	0.0433552395225192
AT3G48350	1709.76823289616	1.07763575337579	0.212013673494963	5.08285968358259	3.71794360907415e-07	2.40645385561641e-05
AT3G48510	734.711385399437	-1.2461531553772	0.3287335371184	-3.7907697714711	0.000150181115330334	0.00392450630318423
AT3G48675	72.5668866407244	-1.43179567394037	0.410546729034749	-3.48753399474578	0.000487496945163642	0.0102521410366887
AT3G48940	108.625472620709	1.30043833305225	0.313224570098881	4.15177625638282	3.29904716530202e-05	0.00113274726349626
AT3G48960	25.3596392893112	-1.38338729385225	0.469311303487618	-2.94769651523798	0.00320151194317308	0.0440537765976539
AT3G49540	32.7463435192017	-1.4763114109116	0.435308354886533	-3.39141529065393	0.000695326536514466	0.0135771076050673
AT3G50270	8097.96337582651	-1.18136171792901	0.168180567000669	-7.02436517486771	2.15041711270779e-12	4.62412574727522e-10
AT3G51240	70.9995993109409	5.54971356661516	0.910819221834251	6.09310106064613	1.1074409853998e-09	1.3445075389251e-07
AT3G52390	8809.43404653772	-1.03462884561658	0.208872548542775	-4.95339791099787	7.29286277325951e-07	4.29348259880944e-05
AT3G52525	281.312377540369	-1.27667055557576	0.220816593095915	-5.78158795802642	7.39987735140777e-09	7.5711487062347e-07
AT3G52740	1300.17122007663	2.35705814746725	0.227484578840589	10.3613975043072	3.71494062979987e-25	3.04073882388845e-22
AT3G52748	477.807966552573	1.99932427045303	0.481316110097484	4.15386941868222	3.26899771696913e-05	0.00112700472921705
AT3G53480	10335.5215109212	1.08865175462615	0.31402653852779	3.46675080306885	0.000526790026360416	0.0108938631857125
AT3G54625	170.758303300657	-1.35393704215855	0.37196164631855	-3.63999099250957	0.000272647578443341	0.00637031275821487
AT3G54990	2199.00622387409	1.42143602137	0.26715124067552	5.32071652662272	1.03359349132041e-07	7.87579617080002e-06
AT3G55090	2326.45273337321	1.34764156974977	0.352487269836633	3.82323472383658	0.000131712285264549	0.00353284093689501
AT3G55110	149.954879369412	2.59551331840244	0.478189974414775	5.42778698273404	5.7057078663398e-08	4.62545148244428e-06
AT3G55120	3545.03334972489	2.09042521743031	0.162733663376036	12.8456840094595	9.09445118532514e-38	1.923021703137e-34
AT3G55500	131.898603376168	-1.07684897613511	0.283747953233441	-3.79508984598447	0.000147589999204582	0.00386874859485233
AT3G56260	652.41402113685	1.11472936788403	0.235884294258605	4.725746457125	2.29271572160331e-06	0.000113846122739653
AT3G56290	10184.1080557595	2.83831283597189	0.318470619955631	8.91232238743818	4.99745729266934e-19	2.587866966208e-16
AT3G56770	1250.32326675463	-1.02028666301933	0.166001419959512	-6.14625262403281	7.93348951999182e-10	1.01157971397122e-07
AT3G57020	12637.001860252	2.61869207943632	0.223746160440613	11.7038525902721	1.2179560444814e-31	1.62654824593006e-28
AT3G57190	2331.27980269321	1.07564902647159	0.334236954039479	3.21822292081005	0.00128987526981848	0.0219512374891845
AT3G57310	84.5375211132523	-1.04712539564376	0.349420477527735	-2.99674879690086	0.00272875468692574	0.0388261372844391
AT3G57587	86.6305589744479	-1.72136505279589	0.281211467087797	-6.12124772372268	9.28454267270325e-10	1.14919993062035e-07
AT3G57720	848.47842955975	-1.15965447005835	0.200317141870028	-5.78909253213475	7.0767706809506e-09	7.26987770277087e-07
AT3G57830	319.71439391545	1.63400837931242	0.436564853126184	3.7428766141193	0.000181925572313794	0.00461156790398621
AT3G58910	55.9131092762092	-1.07763617282344	0.332099719206458	-3.24491744647787	0.00117484677642953	0.020488358835136
AT3G59220	2904.33069421808	1.18951898163332	0.399766486728461	2.97553452108478	0.00292478429643469	0.0409792803631882
AT3G09355	19.9942290062864	3.63364628960622	0.823777132891206	4.41095794544967	1.0291430651074e-05	0.000422548157508659
AT3G60950	11.7121641859679	-3.70193812249704	0.886862440653685	-4.17419653015008	2.99039533250777e-05	0.00104804269567752
AT3G61220	9857.83269376559	1.5983227679107	0.266317482387075	6.00156908057446	1.9541976707868e-09	2.22357899993473e-07
AT3G61230	13.9604727924035	3.25558846234735	0.802586235293344	4.05637216187422	4.98408217202015e-05	0.00159478059310012
AT3G61750	411.604235614754	1.52843097139107	0.296056776744471	5.16262788576623	2.43506903683459e-07	1.64766511308376e-05
AT3G62430	85.9005117887703	1.55628753767626	0.408286089218449	3.81175743865128	0.00013798224629636	0.00368155785228584
AT3G62610	102.143118073412	3.38556334836771	0.53253488786878	6.35744892117178	2.05131848357663e-10	2.87569918244604e-08
AT3G63350	259.462967490829	-1.08039345367993	0.203595717010541	-5.30656277815504	1.1171169834866e-07	8.3615711914422e-06
AT2G01160	278.445574413081	-1.3786405362326	0.240455089785216	-5.73346373106121	9.84001153845445e-09	9.71519271504838e-07
AT2G01170	17481.5118269904	-1.06871856845832	0.120088679973557	-8.89941140741703	5.61436214671797e-19	2.84917650221644e-16
AT2G01430	763.985564993377	1.26983391574113	0.331191047364883	3.83414324102221	0.00012600270299694	0.00341830462101101
AT2G02000	123.054289830752	-1.19879666782314	0.275518083023269	-4.35106347528521	1.35478821537225e-05	0.00053629323208823
AT2G02010	12084.8436244081	-1.34405710666415	0.320809820936034	-4.18957593861237	2.79476244823726e-05	0.000984920866132946
AT2G02300	44.041953040085	1.91097633486155	0.501534048506701	3.8102624149874	0.000138819363567042	0.00369961509035111
AT2G03360	83.7969616820377	1.1605382042229	0.279885264891132	4.14647839597528	3.37628020442947e-05	0.00115302468246559
AT2G03370	87.9747498897983	1.55695903045006	0.363708224993427	4.28079136917566	1.86229885331186e-05	0.000699704842613368
AT2G04910	16.9226526276944	-1.67846239019459	0.569850139736034	-2.94544525508423	0.0032249021093635	0.0442727811471057
AT2G05400	179.136980879832	-1.55080662582745	0.301706240082566	-5.14012115030518	2.74561381947357e-07	1.83334750145585e-05
AT2G15020	2386.83942519647	4.9527771601398	0.444675556552396	11.1379568477725	8.19784650005171e-29	9.04400683010053e-26
AT2G15555	75.558741125543	-3.79723714761074	1.02422746355853	-3.70741586484881	0.000209384947218137	0.00517325574558229
AT2G16890	2152.58743002176	1.74583037558162	0.143298122407547	12.183204819784	3.81971698425819e-34	5.70126463285691e-31
AT2G17060	215.64816650899	1.01792526134591	0.332477124009544	3.06163999817532	0.0022012802558077	0.032856050124038
AT2G17270	1559.05255700478	1.24655122356382	0.176477574441809	7.06351063304564	1.62347771955838e-12	3.55121755655812e-10
AT2G17845	178.807292153919	-1.60472491263241	0.513576436083787	-3.12460775044322	0.00178042301063626	0.0278866996740027
AT2G18120	77.9525860438988	1.84392539327799	0.455473843805071	4.04836725172551	5.15761734215866e-05	0.00163996719849541
AT2G07085	4444.17206023522	-1.21523312122249	0.256354064789514	-4.74044802925316	2.13246147169462e-06	0.000107787006738604
AT2G20340	2297.32004275663	1.06931920472117	0.217616172746916	4.91378554830466	8.93344635711797e-07	5.10633905127026e-05
AT2G21200	447.10523403044	1.0322810259458	0.354199290349282	2.9144073804548	0.00356364535627033	0.0478940345709764
AT2G21210	675.036999373141	1.00021407738858	0.226112871410575	4.42351676465333	9.71070927779823e-06	0.000401956830693071
AT2G21320	972.423411216818	1.40603787666499	0.365946731911377	3.84219274024148	0.0001219400178695	0.00333057697892432
AT2G21970	6883.38247124976	1.81247438640749	0.260809871288143	6.94940869168661	3.66820448177574e-12	7.56723744069736e-10
AT2G22060	23.116054938666	-1.68492005220176	0.514419669933833	-3.27538029877139	0.00105519821068523	0.0187891925599488
AT2G22590	190.843897854356	4.69753486172455	0.632717817720334	7.42437581203205	1.13313003316559e-13	3.02653068016249e-11
AT2G23000	443.034511470424	2.36340572251991	0.308675777971788	7.65659598575926	1.90926068979335e-14	5.69948008739017e-12
AT2G23180	361.06035043539	1.42889298085237	0.159307694922418	8.96939084799534	2.98158771216992e-19	1.57614180434583e-16
AT2G23321	71.0124275332692	-1.12409883724509	0.344200296129706	-3.2658276296819	0.00109144664725922	0.0192992106115369
AT2G23910	1962.68576763096	1.64230966496141	0.176740970630715	9.29218425756453	1.51153976216144e-20	8.71677498297371e-18
AT2G25530	2571.50418422157	2.00500540739846	0.158581055534833	12.6434106560607	1.21659820566449e-36	2.37461252850238e-33
AT2G25780	62.0178553300094	1.19979978049444	0.32920637456528	3.64452171401233	0.000267889518810043	0.00629974851741058
AT2G26010	7425.08571807507	-1.8307998490756	0.430229852519459	-4.25539938326987	2.08676190486575e-05	0.000774115446989234
AT2G26020	1837.86125858044	-2.10567210902745	0.478498698027256	-4.40058064464683	1.07961593616369e-05	0.000439713880645544
AT2G26410	226.078736088953	1.15718477655134	0.385402628722494	3.00253472683127	0.00267741424266005	0.0383390005605283
AT2G26550	7852.75884513361	-1.23516731771483	0.148007749166274	-8.34528816681908	7.10404484914623e-17	2.86123863495613e-14
AT2G26620	140.738590601992	-1.00426273758771	0.29285856535123	-3.42917317915316	0.000605423088914528	0.012134285511941
AT2G27120	24.9264424163912	-1.82344934314948	0.603786193983441	-3.02002490504028	0.00252753900953103	0.036626941649252
AT2G27420	45.1535944349214	4.44479064118061	0.918554055322458	4.83889937170901	1.30560125648677e-06	7.06834141644318e-05
AT2G27820	1657.06851042621	1.29564599946269	0.228973883832173	5.65848811130068	1.52712292611484e-08	1.43515618989771e-06
AT2G28625	197.449311805301	-1.47631311795771	0.353877815621667	-4.17181595677094	3.02181672053655e-05	0.0010541626916356
AT2G08285	113.364665418656	-1.48694341605134	0.255555552784027	-5.81847429982463	5.93871883407012e-09	6.21368026063927e-07
AT2G28990	279.015033074414	1.57448447826214	0.376815285300908	4.17839864697851	2.93568766683323e-05	0.00103171937476768
AT2G29000	70.8493082059144	1.18468145046148	0.355791955660954	3.32970274232508	0.000869387447846538	0.0161256119164167
AT2G29090	2950.73631550405	2.33419785795499	0.447640381156863	5.21444882144587	1.84364593144592e-07	1.28518329298101e-05
AT2G30520	27520.492421651	1.42988673278338	0.221844416587183	6.44544836773678	1.15259161223351e-10	1.75124907597683e-08
AT2G31780	28.5262239355197	-1.83990670044425	0.532166819148537	-3.45738710915515	0.000545440717309211	0.011152306817892
AT2G31850	175.89053445391	-1.25279518393638	0.321854110629557	-3.89243182722094	9.92443922925603e-05	0.00280426192653833
AT2G31953	144.029915611926	-1.2193773818995	0.258658937612674	-4.71422867948777	2.42628058359883e-06	0.00011977518196155
AT2G32200	2314.77866207037	-1.18478977266358	0.151335080142846	-7.82891694077306	4.92090589518102e-15	1.58054514157371e-12
AT2G32210	16219.2293323745	-1.20874800922056	0.113888923855517	-10.6133938955645	2.58196486334887e-26	2.4264732015783e-23
AT2G32235	5095.79900661217	-1.38619561699147	0.12150082227558	-11.4089402115106	3.77298104028736e-30	4.35161913255689e-27
AT2G32800	3616.29279212676	-1.06473919435007	0.255216867133442	-4.17189978981038	3.02070489090416e-05	0.0010541626916356
AT2G32820	89.7267516690573	-1.31719528443756	0.260047067904063	-5.06521875079747	4.07931639954233e-07	2.61385288691886e-05
AT2G33100	22747.3849593575	-1.13289952311402	0.209893635758921	-5.3974934448	6.7578342024327e-08	5.37533808942092e-06
AT2G33250	2642.01853645184	1.19250565771723	0.256955528109388	4.64090290834128	3.46890096797885e-06	0.000164831260602051
AT2G33260	704.442938599498	1.00556018685262	0.25445995061897	3.95174244279544	7.75842169638281e-05	0.00230248177922827
AT2G33530	2732.25980930729	1.0533323336302	0.219487505395775	4.79905373989674	1.59417019271083e-06	8.42718218121762e-05
AT2G34080	540.75901615415	1.42749712590361	0.163854447572049	8.71198278140068	2.98605048033372e-18	1.37760081614523e-15
AT2G08650	78.2094485353665	2.05055387182476	0.307441473106928	6.66973733602811	2.56261650257413e-11	4.54712105848363e-09
AT2G36260	144.219909255898	-1.27224494736187	0.265409837784643	-4.79351088859858	1.63887559709321e-06	8.6275579669384e-05
AT2G36630	1175.34904574387	1.65408781839641	0.357879557177238	4.62191199587641	3.80219316287611e-06	0.000178291107172828
AT2G36690	9905.64703923479	-1.21551631600091	0.217111987939089	-5.59856840490047	2.1612912119459e-08	1.95162289010374e-06
AT2G36695	141.465900532506	-1.04349402589632	0.263158170002335	-3.96527315069512	7.33119456820811e-05	0.0022014406032392
AT2G36750	1362.18615653176	2.84604410892662	0.389667981919443	7.30376690152334	2.79820981788178e-13	6.96095842342472e-11
AT2G36800	14549.535004518	1.2362469256876	0.19340657046041	6.39195929458173	1.63773502277885e-10	2.39795917321995e-08
AT2G36870	1602.07827047235	1.89006956787284	0.242735344912929	7.78654451229926	6.88666657441747e-15	2.15731206986752e-12
AT2G36970	1152.0948441997	1.2451496893235	0.27266062422418	4.56666485256686	4.95545349319909e-06	0.000222548100772449
AT2G37430	13581.5980132485	-1.20702658602548	0.337822956408533	-3.57295607988762	0.000352973980537125	0.00786335538380071
AT2G37435	339.638711018613	-2.22075661524737	0.274202017721131	-8.09897984596863	5.54219638547398e-16	2.02596848654443e-13
AT2G37770	127.777480202247	1.03909083432049	0.353586048668297	2.93872124829018	0.00329569337629971	0.0450808214179132
AT2G37970	7690.48264477305	1.56853760582193	0.173290759567011	9.05147862321756	1.41045279498255e-19	7.78018026519286e-17
AT2G38210	2353.00128057723	2.62956299884305	0.369963122606677	7.10763543219048	1.18047879962916e-12	2.65074947449471e-10
AT2G38230	20992.3143075957	1.72149114827231	0.370764020444161	4.64309116674814	3.43234804934348e-06	0.00016370751767677
AT2G39518	3273.30698260739	-1.28206648829458	0.280437957054942	-4.5716582083195	4.83879748664023e-06	0.00021808107890943
AT2G40460	1165.11271045357	1.57428155227204	0.240293926855342	6.55148289794176	5.69685131063895e-11	9.57297385140084e-09
AT2G40990	145.209402888532	-1.10730454946909	0.199652316005162	-5.54616431016234	2.92004434686556e-08	2.5201770495703e-06
AT2G41040	2960.18444716955	1.70556579927592	0.377556914379619	4.51737402843862	6.26112532748158e-06	0.000273913438033651
AT2G41312	206.4356533568	1.32685237368835	0.279827195895676	4.74168484389565	2.11948154149079e-06	0.000107559449267575
AT2G41330	239.353330399708	1.00805968639628	0.217701598615109	4.63046524604768	3.64845019581072e-06	0.000172394367352888
AT2G41445	1225.65918188989	-1.2003293883404	0.31342106235393	-3.82976619160626	0.000128265069122674	0.00345865872892533
AT2G41450	3810.84270843552	-1.60556901943811	0.235136857776865	-6.82823201185127	8.59674766837556e-12	1.65252935861637e-09
AT2G41451	295.992920605646	-2.48355161770602	0.354222192437081	-7.01128181895932	2.36144524038658e-12	4.99327596079742e-10
AT2G41470	565.454701258558	-1.16667395897007	0.144214350540931	-8.08986036822279	5.9733169575734e-16	2.13474569692208e-13
AT2G41610	58.6453128193165	-1.44477963163363	0.370109877583733	-3.90365056200579	9.47525590352457e-05	0.00269534914009005
AT2G42340	534.502059822113	-1.27376799399785	0.170233679766556	-7.48246760420488	7.29398784839011e-14	2.03382030401154e-11
AT2G42540	704.719106331636	1.85009776290996	0.467124837165791	3.96060670662504	7.47595763094117e-05	0.00223696873735261
AT2G43050	773.58057511169	1.31312306830455	0.365382006261599	3.59383616544162	0.000325844771211249	0.00740858891103427
AT2G43890	600.818827346934	1.83122496577197	0.518889266382841	3.52912477557568	0.000416936497335039	0.00904991161965721
AT2G43900	13031.3738045695	1.43938292375781	0.290072738358751	4.96214477755452	6.9718995197804e-07	4.1722872267667e-05
AT2G44070	1255.49448824545	-1.43355850652132	0.464112051551639	-3.08881982643758	0.00200953267921664	0.0305694737424719
AT2G44800	58.9157425884175	-1.34668742113447	0.372931095253977	-3.61108912148325	0.000304913852698007	0.00699537441081304
AT2G09565	49.8026385235901	-1.12419670369548	0.335573535505967	-3.35007557136606	0.000807895155075011	0.0151511690058192
AT2G46130	60.3496905942113	1.67435842602915	0.499543890070641	3.35177440723453	0.000802954197034957	0.0151255826247699
AT2G46270	6914.39937276115	1.56633319834245	0.114135279352401	13.7234797796944	7.34536704634943e-43	2.07090381593412e-39
AT2G46300	102.226821679934	1.85568262216585	0.469871824000498	3.9493379414976	7.83676466705093e-05	0.00232030416174738
AT2G09715	30.6003642751657	-1.98964681718455	0.58617154679189	-3.39430807939053	0.000688022454424967	0.0134498318633121
AT2G46340	24909.7247818953	1.18403971504524	0.222081999179053	5.33154294099545	9.73817870166399e-08	7.48777413260673e-06
AT2G46420	6864.43136234446	1.64905097311062	0.190707789791347	8.64700374806316	5.28692346183543e-18	2.35351571790548e-15
AT2G46790	1954.72961150763	1.78070017207232	0.264843016945537	6.72360628046504	1.77281064561895e-11	3.236208440427e-09
AT2G47460	5722.2801921389	2.2738324172457	0.234267608760879	9.70613235552613	2.83906112816109e-22	1.89574571226209e-19
AT4G00050	2287.29389098269	2.57958904995194	0.376688672641431	6.84806642011091	7.48548120630252e-12	1.46105077022093e-09
AT4G01250	7632.39679474836	-1.10723883059809	0.163420356260184	-6.77540335816694	1.24059647947904e-11	2.31462463752214e-09
AT4G01660	7059.32711269624	1.20992470011097	0.151421601672261	7.9904365476846	1.34461759679427e-15	4.67374341110381e-13
AT4G02420	508.121119831021	1.11210764682942	0.271362870266777	4.09823070391359	4.16320226804594e-05	0.00138268448101306
AT4G03290	23.0785451796649	2.12744525164172	0.730173797893955	2.91361489247891	0.00357270342311666	0.0479649611947947
AT4G04025	280.542065562885	1.4417779009806	0.31047854624512	4.64372794325806	3.42178082812437e-06	0.000163510860137152
AT4G04750	1633.04374254707	1.58296838237353	0.205501594362851	7.70294939696918	1.32961023571205e-14	4.0647626651756e-12
AT4G04840	6457.22319002082	2.57046221081267	0.457019909191105	5.62439876057526	1.86155188326054e-08	1.71141367702366e-06
AT4G05005	181.993789457214	2.24599903650324	0.376878095716871	5.95948414627562	2.53035408216122e-09	2.80372071968378e-07
AT4G04990	938.188187159588	1.0417296051667	0.340067692239322	3.06330071612209	0.00218909955800008	0.0327150856763211
AT4G05110	333.122510913531	1.210337746881	0.337090177711657	3.59054587439302	0.000329986143317905	0.00748841920458268
AT4G05200	777.510326278914	1.02842664496288	0.307350440209631	3.34610435000983	0.000819555469382088	0.0153245397789986
AT4G05135	269.389671510118	-1.34159957292807	0.380445826821361	-3.52638793317088	0.000421269409620774	0.00910501703553452
AT4G06534	146.23245579839	1.12925476977553	0.239867939641837	4.70781869165884	2.50381646211069e-06	0.000123123718817048
AT4G06536	68.6158511815989	1.21411489062082	0.35732147985773	3.39782229465809	0.000679245265248402	0.0132884883272266
AT4G08040	228.055885676067	1.47460659152191	0.345009513901615	4.27410413946561	1.91907330267437e-05	0.000717151192666561
AT4G08450	152.457120480186	1.24454043374563	0.338850641836443	3.6728289106985	0.000239880096643189	0.00580131350730971
AT4G05605	79.5927833907877	-1.44857797676598	0.494615181272547	-2.92869695798474	0.0034038610331628	0.0462116478627463
AT4G09750	10433.5773022645	1.40556186555656	0.186145622812626	7.55087250679751	4.323519210281e-14	1.24664745956443e-11
AT4G09820	367.590290364887	1.24696087294045	0.281650584325993	4.42733280999401	9.54054695139874e-06	0.00039572433646278
AT4G10240	15.5086546944709	-2.16219952109369	0.739027099731189	-2.92573780025139	0.00343640430268619	0.046447507806892
AT4G10250	225.875972995674	-1.65337403848717	0.246293977455502	-6.71301042586754	1.90649486035017e-11	3.43087947422164e-09
AT4G10265	181.547573042219	-1.84553385793859	0.458380594233578	-4.02620416561125	5.66844761616111e-05	0.00177569370138854
AT4G10510	45.4598323988191	2.32109952242176	0.543689915109304	4.26916052315432	1.96210028427783e-05	0.000730004877027355
AT4G11540	81.0970188180591	-1.19633904395319	0.392316348457668	-3.04942439604267	0.00229280334219995	0.0339544312553077
AT4G11570	11241.230358401	1.19875025568168	0.245134510764025	4.89017336622848	1.00747206092598e-06	5.6556628482159e-05
AT4G11580	935.209201986562	1.11762969315914	0.288953528804246	3.86785272283797	0.000109797942621364	0.00305483881148518
AT4G11590	1274.22463395588	1.17118187835176	0.255114305901504	4.5908122408625	4.4152439577535e-06	0.000201860180511779
AT4G06160	134.730548758703	1.57006111475831	0.428182005716612	3.66680779153862	0.000245597258728605	0.00589015580621894
AT4G13918	169.235587439436	1.09498500984678	0.279510384669553	3.91751101176905	8.94679601016557e-05	0.00257387757326464
AT4G14090	578.470803227608	1.12157491236469	0.221079661994081	5.07317092060109	3.91240785054397e-07	2.51325156454944e-05
AT4G14450	2663.43699419834	-1.3070197054828	0.356132743038047	-3.67003520747084	0.000242517063502853	0.00585345919939577
AT4G14455	6414.34384911661	-1.13630385497901	0.258538486827532	-4.39510522755178	1.10719106486841e-05	0.000448783803194427
AT4G14550	1944.21526005373	1.05616182633173	0.189745317420389	5.56620759178875	2.60343071698401e-08	2.27064376406827e-06
AT4G14690	14519.4006725689	6.39764700922186	0.363085275771126	17.6202325903589	1.72295115848624e-69	1.45727208984766e-65
AT4G14695	428.931999170197	3.44011218107853	0.519148608126842	6.62644978186672	3.43856377294193e-11	5.97603542291977e-09
AT4G15248	188.559980625544	1.4285490345871	0.293811857422082	4.862121791548	1.16134127973831e-06	6.40605948523477e-05
AT4G15630	6387.02705032129	1.97098271262998	0.189090900413668	10.4234667470414	1.93759119319937e-25	1.63881463120803e-22
AT4G15650	29.1001526503301	2.22808688795819	0.63106989580282	3.53064993715745	0.000414539988509091	0.00901331419745474
AT4G15765	1277.8080673067	1.35886433205638	0.252919696939444	5.37271058165836	7.75617666851393e-08	6.03697014683658e-06
AT4G15810	2581.96070170574	1.60266436216557	0.366826928420767	4.36899321722436	1.24820642873276e-05	0.000498771494845118
AT4G16750	399.796462273027	1.28074704346238	0.254244607737482	5.03746000695834	4.71750087156898e-07	2.96211301226014e-05
AT4G06460	49.1149422245653	-1.34143287319808	0.443470061507817	-3.02485554185361	0.00248751907519826	0.0361916909484407
AT4G17210	189.425505209527	-1.96277122986549	0.422045481076758	-4.65061543807531	3.30945936401295e-06	0.000158741440269309
AT4G17220	6444.86767779488	-1.08095304029448	0.254148043638353	-4.25324163357579	2.10698007689963e-05	0.000778202510498561
AT4G17340	3676.39263324872	1.12302476157942	0.22933519995894	4.89687044021364	9.73749924440535e-07	5.47847684761733e-05
AT4G17785	1474.90135003648	1.2704305243741	0.264989151805256	4.79427371165652	1.63265236831662e-06	8.61266552882869e-05
AT4G18180	36.4131136372285	-1.78328140501019	0.492312092011125	-3.62225798217829	0.000292042649122581	0.00676121366682151
AT4G18190	704.953425423291	-1.26994196299617	0.180017794755062	-7.05453571811661	1.73177965223471e-12	3.75574161502594e-10
AT4G18422	1199.56477622253	1.59498631604248	0.214908224442865	7.42170905826137	1.15618573960904e-13	3.05594343300415e-11
AT4G18540	264.432661028895	-1.37036268629899	0.442732120136076	-3.09524117174468	0.00196652924510581	0.0300052393657937
AT4G18830	119.641887788536	1.01281720437476	0.284259271948568	3.56300498988829	0.000366633707554641	0.00812485912269998
AT4G19050	339.797337327952	-1.06266755418377	0.249949285455344	-4.25153267490989	2.12312526660174e-05	0.00078302587957489
AT4G21200	1437.82581765885	2.01452008391482	0.373221422727072	5.39765394278557	6.75179353417771e-08	5.37533808942092e-06
AT4G07020	32.1003056759528	-1.58823052188066	0.492253761085256	-3.22644669769335	0.00125337574889944	0.0214451491925654
AT4G22070	705.719253350261	1.56905700342407	0.3575413346474	4.388463238723	1.14154425184314e-05	0.000461234774622098
AT4G07050	9.85707539818005	2.69196900540067	0.783328694495455	3.4365765282409	0.000589115898308164	0.0118730951578009
AT4G22880	346.938292513019	2.67954022902322	0.683765401581519	3.91880054595562	8.89907156182098e-05	0.00256305382303798
AT4G23496	13.662741929933	2.85873441413833	0.837745428554377	3.41241422119295	0.000643901883903397	0.0127444355711114
AT4G23600	2008.51146374897	-1.05061548248902	0.196297337783949	-5.3521636836734	8.69087286491965e-08	6.74379841206334e-06
AT4G24600	106.765357610967	-1.37492909434607	0.337396072271119	-4.07511885094272	4.59908522504405e-05	0.0014922914130469
AT4G24980	80.1716264293752	-1.35973409401826	0.323728008197354	-4.20023618465945	2.6663668940473e-05	0.000946926693464419
AT4G07385	166.076392756367	1.66693080997866	0.533843391297566	3.12250903008652	0.00179316604540587	0.0280171152931825
AT4G25480	1501.77245468702	1.71099253884461	0.402200303386123	4.25408067681643	2.09909615907178e-05	0.000776420786301564
AT4G25640	48776.8108827519	1.35472399310004	0.135384993946166	10.0064560599584	1.42775692656568e-23	1.00633067374104e-20
AT4G25700	6071.09369985769	2.11640740012007	0.348120784420862	6.07952037003753	1.20542568742944e-09	1.44275808456767e-07
AT4G25830	2515.05205612273	1.0944336236173	0.206357717097648	5.30357497170513	1.13556535312535e-07	8.44980506457556e-06
AT4G26150	4836.94684320307	2.66703417962441	0.414664650368579	6.43178572674035	1.26113442093581e-10	1.90476338076341e-08
AT4G26170	772.37409646668	1.58005865017759	0.399562817181065	3.95446868986704	7.67049154217117e-05	0.00228172394362311
AT4G26850	58804.299285835	1.80994968721274	0.269444192352869	6.7173453300578	1.85065032160436e-11	3.35417151859921e-09
AT4G27030	3038.28211432844	1.14756372083707	0.319477792973068	3.5919983988803	0.000328151866570258	0.00745436478276966
AT4G27550	493.671207882855	1.07012463985852	0.278077835196085	3.84829175293289	0.000118944346919349	0.0032628041716017
AT4G27560	16983.0871277449	1.09032278902909	0.155768265885455	6.99964644808249	2.56609228288101e-12	5.33705127752646e-10
AT4G28110	1041.57486098159	2.23757202361797	0.238373909733517	9.38681597377582	6.18414367202238e-21	3.82723076911941e-18
AT4G28140	244.433027360559	-1.37526796891328	0.266955976866705	-5.1516657729674	2.58182862317633e-07	1.7377007820816e-05
AT4G28420	253.385047708009	-1.13662327301519	0.17083671001609	-6.65327301671951	2.86645749040135e-11	5.01610292147889e-09
AT4G28556	40.5665583773483	-1.39423727166737	0.359464314105922	-3.87865280907004	0.000105036538537759	0.00293847533501333
AT4G28670	321.662220650965	1.58059418082767	0.464098160376269	3.40573248458085	0.000659868036969113	0.0129895202250227
AT4G29790	103737.07020714	-1.20516036032105	0.136448141761475	-8.83236916797147	1.02481559021088e-18	5.0987589776492e-16
AT4G29905	1509.47191150508	1.27346841155374	0.357547564271362	3.56167553301311	0.000368495614519399	0.00815899452252639
AT4G30530	177594.341811494	-1.02518626549876	0.285539806437693	-3.59034447171716	0.000330241234725626	0.00748841920458268
AT4G30540	265.395888408507	-1.82664807769531	0.325464090494215	-5.61244122176908	1.99491983075007e-08	1.81430450843915e-06
AT4G31470	210.969542535894	-1.1677355303811	0.388374383721168	-3.00672644573664	0.00264077286227891	0.0379213189629117
AT4G31680	15.9006968411834	-1.90566232003254	0.60332523233487	-3.15859874226977	0.00158529595291529	0.0256795585318545
AT4G31870	2042.63545309424	2.48211306757959	0.459955769726276	5.39641685342206	6.79848946253456e-08	5.37565888605336e-06
AT4G31950	1338.46096371467	-2.42143209178242	0.493017954367448	-4.91144809297903	9.0406221511878e-07	5.14342480861523e-05
AT4G32080	215.10545463529	-1.4513377129115	0.463875816049054	-3.12872036587917	0.0017556930564242	0.0275844926400667
AT4G32500	442.431318872393	-1.01123430478268	0.279416760712372	-3.61908964302837	0.000295641221070783	0.00680725983979134
AT4G32770	2627.82293239888	1.61506282601138	0.416327807975979	3.87930566988348	0.000104755051003649	0.00293383517016179
AT4G33070	12930.2736514204	-1.50278470909262	0.44816787123851	-3.3531736778446	0.00079890558236112	0.0150739089656918
AT4G33660	1087.84355574873	1.40205599161362	0.328876193712198	4.26317264192304	2.01544680636963e-05	0.000748754718372225
AT4G34000	12467.6950617721	1.04048303094436	0.149930888735942	6.93975097270889	3.92791724465254e-12	8.03765904563012e-10
AT4G34170	691.101797662153	-1.37059318031766	0.2935591136513	-4.66888308548886	3.02841650145517e-06	0.000146927419326814
AT4G34550	664.976410948277	1.84834298324443	0.530135226341586	3.48655001856729	0.000489293875440609	0.0102521410366887
AT4G34610	2620.92692542207	1.62836992545271	0.320161690267425	5.08608610884258	3.65528146170338e-07	2.37210004627267e-05
AT4G35090	41708.6643540586	1.293251234021	0.352397943128912	3.6698603361255	0.00024268302505574	0.00585345919939577
AT4G36470	863.038377624603	-1.15380211516821	0.2031931680084	-5.67835093314019	1.35999477661245e-08	1.29991423050115e-06
AT4G37070	1240.92060232802	1.36242154698401	0.321428115304053	4.23865082771379	2.24867085318787e-05	0.000824534309664583
AT4G37150	1721.89088655836	1.89825348727548	0.232266955964048	8.17272297471925	3.01505758177775e-16	1.12505986882395e-13
AT4G37310	6515.47881888835	1.35910811044418	0.197905709321191	6.86745276377254	6.53583831313753e-12	1.28558419657017e-09
AT4G37470	7361.944217334	1.22610149217361	0.216897864833096	5.65289793478187	1.57764997514904e-08	1.47716939001593e-06
AT4G37700	176.841394539856	1.39354502422864	0.459199033508079	3.03472987210484	0.002407512108168	0.0353201061244899
AT4G37760	10978.281261493	1.92360323652584	0.302125020011833	6.36691140790162	1.92872500286753e-10	2.73404850406484e-08
AT4G38060	5855.17724399351	1.24706495457743	0.198587094042865	6.27968781449739	3.39253546051896e-10	4.57884014761744e-08
AT4G38590	675.973663101468	-1.13649586960083	0.237924305666101	-4.77671193121297	1.78184746600728e-06	9.32218507267396e-05
AT4G38840	82.1295831859355	1.12889411409502	0.334506886446147	3.37480081826884	0.00073869134091727	0.01424282225261
AT4G39650	991.100603347499	-1.25618655254126	0.204479647539935	-6.14333293143968	8.08076602808282e-10	1.02520678598287e-07
AT4G39795	1039.30594196243	1.13682465054841	0.260092897374744	4.37084081119857	1.23769005370503e-05	0.000495349328433935
ATMG00020	18941.4856767406	1.30496232129945	0.404637869320118	3.22501283306002	0.00125967022105242	0.0215238196558815
ATCG00020	14581.3585846043	1.68129960228193	0.532310661416527	3.15849319607433	0.00158587011190258	0.0256795585318545
ATCG00040	213.253428313726	1.51250078911728	0.481016122122998	3.14438689173608	0.00166435237222126	0.0265271841034813
ATCG01060	105.375320252346	1.46085649842172	0.47397317403716	3.08215016891903	0.00205511132876463	0.0311868553360467
